 9.719806
19.433394
 9.837633
20.590289
 8.486161
19.569402
 9.022984
20.938570
 9.542219
19.225510
10.090944
19.538024
 9.625466
19.645890
 9.564638
19.681052
10.754925
19.554070
11.783887
20.229709
10.093416
20.581601
 9.524345
19.622251
 8.775752
19.648511
10.154211
19.518449
 8.793470
20.877312
 9.643183
20.066244
10.443990
20.162849
 9.991335
20.986242
 9.330802
20.995459
10.421566
20.609980
10.391479
21.339693
 9.530981
20.115908
10.513501
19.370231
10.405083
19.764587
10.478945
18.974399
10.435745
20.357050
 9.247988
20.547914
10.212238
18.482806
12.454142
19.800653
10.335391
19.287866
11.633919
20.072562
 9.489598
19.602601
 9.890693
20.304734
10.483849
19.988296
10.280447
19.994239
 9.779812
20.904451
 9.899422
19.918995
10.123947
20.723043
11.004152
21.314589
 9.596047
20.360240
10.397352
21.036483
 9.046031
18.451195
 9.616371
21.032177
10.010722
19.409921
10.721029
21.072880
 9.307311
20.131257
10.900213
20.220885
10.791994
20.744523
11.141270
20.804364
10.094626
19.986076
